;Updated 20/06/2009; 
;UB - member, d, r1, bf, tw, tf
UB610-125 612 14 229 11.9 19.6
UB610-113 607 14 228 11.2 17.3
UB610-101 602 14 228 10.6 14.8
UB530-92.4 533 14 209 10.2 15.6
UB530-82 528 14 209 9.6 13.2
UB460-82.1 460 11.4 191 9.9 16
UB460-74.6 457 11.4 190 9.1 14.5
UB460-67.1 454 11.4 190 8.5 12.7
UB410-59.7 406 11.4 178 7.8 12.8
UB410-53.7 403 11.4 178 7.6 10.9
UB360-56.7 359 11.4 172 8 13
UB360-50.7 356 11.4 171 7.3 11.5
UB360-44.7 352 11.4 171 6.9 9.7
UB310-46.2 307 11.4 166 6.7 11.8
UB310-40.4 304 11.4 165 6.1 10.2
UB310-32 298 13 149 5.5 8
UB250-37.3 256 8.9 146 6.4 10.9
UB250-31.4 252 8.9 146 6.1 8.6
UB250-25.7 248 12 124 5 8
UB200-29.8 207 8.9 134 6.3 9.6
UB200-25.4 203 8.9 133 5.8 7.8
UB200-22.3 202 8.9 133 5 7
UB200-18.2 198 11 99 4.5 7
UB180-22.2 179 8.9 90 6 10
UB180-18.1 175 8.9 90 5 8
UB180-16.1 173 8.9 90 4.5 7
UB150-18 155 8 75 6 9.5
UB150-14 150 8 75 5 7

;member,   d, tw, bf, tf
WB1200-455 1200 16 500 40 
WB1200-423 1192 16 500 36 
WB1200-392 1184 16 500 32 
WB1200-342 1184 16 400 32 
WB1200-317 1176 16 400 28 
WB1200-278 1170 16 350 25 
WB1200-249 1170 16 275 25 
WB1000-322 1024 16 400 32 
WB1000-296 1016 16 400 28 
WB1000-258 1010 16 350 25 
WB1000-215 1000 16 300 20 
WB900-282 924 12 400 32
WB900-257 916 12 400 28
WB900-218 910 12 350 25
WB900-175 900 12 300 20
WB800-192 816 10 300 28
WB800-168 810 10 275 25
WB800-146 800 10 275 20
WB800-122 792 10 250 16
WB700-173 716 10 275 28
WB700-150 710 10 250 25
WB700-130 700 10 250 20
WB700-115 692 10 250 16

;member,  d, tw, bf, tf
WC500-440 480 40 500 40
WC500-414 480 32 500 40
WC500-383 472 32 500 36
WC500-340 514 25 500 32
WC500-290 506 20 500 28
WC500-267 500 20 500 25
WC500-228 490 20 500 20
WC400-361 430 40 400 40
WC400-328 430 28 400 40
WC400-303 422 28 400 36
WC400-270 414 25 400 32
WC400-212 400 20 400 25
WC400-181 390 20 400 20
WC400-144 382 16 400 16
WC350-280 355 28 350 40
WC350-258 347 28 350 36
WC350-230 339 25 350 32
WC350-197 331 20 350 28

;member, 	d, 	tw, 	bf, 	tf, 	unknown, r1
UC310-158 	327 	15.7 	311 	25 	0 16.5
UC310-137 	321 	13.8 	309 	21.7 	0 16.5
UC310-118 	315 	11.9 	307 	18.7 	0 16.5
UC310-96.8 	308 	9.9 	305 	15.4 	0 16.5
UC250-89.5 	260 	10.5 	256 	17.3 	0 14
UC250-72.9 	254 	8.6 	254 	14.2 	0 14
UC200-59.5 	210 	9.3 	205 	14.2 	0 11.4
UC200-52.2 	206 	8 	204 	12.5 	0 11.4
UC200-46.2 	203 	7.3 	203 	11 	0 11.4
UC150-37.2 	162 	8.1 	154 	11.5 	0 8.9
UC150-30 	158 	6.6 	153 	9.4 	0 8.9
UC150-23.4 	152 	6.1 	152 	6.8 	0 8.9
UC100-14.8 	97 	5 	99 	7 	0 10

;member, d,	r1, bf, tw, tf, bg
PFC380 380 14 100 10 17.5 55
PFC300 300 14 90 8 16 55
PFC250 250 12 90 8 15 55
PFC230 230 12 75 6.5 12 45
PFC200 200 12 75 6 12 45
PFC180 180 12 75 6 11 45
PFC150 150 10 75 6 9.5 45
PFC125 125 8 65 4.7 7.5 35
PFC100 100 8 50 4.2 6.7 30
PFC75 75 8 40 3.8 6.1 25

;member, d,	r1, bf, tw, tf, bg - not working
TFC125 125 6 65 8 8 35
TFC100 100 5 50 7.5 8 30
TFC75 75 5 40 6.5 8 25
TFB125 125 5 65 8.5 8 0
TFB100 100 4 45 6 7 0

;member, b1, t, b1, unknown, r2, r1, bg
EA200x200x26 200 26 200 44 5 18 120
EA200x200x20 200 20 200 38 5 18 120
EA200x200x18 200 18 200 36 5 18 120
EA200x200x16 200 16 200 34 5 18 120
EA200x200x13 200 13 200 31 5 18 120
EA150x150x19 150 19 150 32 5 13 90
EA150x150x16 150 15.8 150 28.8 5 13 90
EA150x150x12 150 12 150 25 5 13 90
EA150x150x10 150 9.5 150 22.5 5 13 90
EA125x125x16 125 15.8 125 25.8 5 10 75
EA125x125x12 125 12 125 22 5 10 75
EA125x125x10 125 9.5 125 19.5 5 10 75
EA125x125x8 125 7.8 125 17.8 5 10 75
EA100x100x12 100 12 100 20 5 8 55
EA100x100x10 100 9.5 100 17.5 5 8 55
EA100x100x8 100 7.8 100 15.8 5 8 55
EA100x100x6 100 6 100 14 5 8 55
EA90x90x10 90 9.5 90 17.5 5 8 55
EA90x90x8 90 7.8 90 15.8 5 8 55
EA90x90x6 90 6 90 14 5 8 55
EA75x75x10 75 9.5 75 17.5 5 8 45
EA75x75x8 75 7.8 75 15.8 5 8 45
EA75x75x6 75 6 75 14 5 8 45
EA75x75x5 75 4.6 75 12.6 5 8 45
EA65x65x10 65 9.5 65 15.5 3 6 35
EA65x65x8 65 7.8 65 13.8 3 6 35
EA65x65x6 65 6 65 12 3 6 35
EA65x65x5 65 4.6 65 10.6 3 6 35
EA55x55x6 55 6 55 12 3 6 35
EA55x55x5 55 4.6 55 10.6 3 6 35
EA50x50x8 50 7.8 50 13.8 3 6 30
EA50x50x6 50 6 50 12 3 6 30
EA50x50x5 50 4.6 50 10.6 3 6 30
EA50x50x3 50 3 50 9 3 6 30
EA45x45x6 45 6 45 11 3 5 13.3
EA45x45x5 45 4.6 45 9.6 3 5 12.7
EA45x45x3 45 3 45 8 3 5 12
EA40x40x6 40 6 40 11 3 5 12
EA40x40x5 40 4.6 40 9.6 3 5 11.5
EA40x40x3 40 3 40 8 3 5 10.8
EA30x30x6 30 6 30 11 3 5 9.53
EA30x30x5 30 4.6 30 9.6 3 5 8.99
EA30x30x3 30 3 30 8 3 5 8.3
EA25x25x6 25 6 25 11 3 5 8.25
EA25x25x5 25 4.6 25 9.6 3 5 7.75
EA25x25x3 25 3 25 8 3 5 7.07

;member, b1, t, b1, unknown, r2, r1, bg
UA150x100x12 150 12 100 22 5 10 55
UA150x100x10 150 9.5 100 19.5 5 10 55
UA150x90x16 150 15.8 90 25.8 5 10 55
UA150x90x12 150 12 90 22 5 10 55
UA150x90x10 150 9.5 90 19.5 5 10 55
UA150x90x8 150 7.8 90 17.8 5 10 55
UA125x75x12 125 12 75 20 5 8 45
UA125x75x10 125 9.5 75 17.5 5 8 45
UA125x75x8 125 7.8 75 15.8 5 8 45
UA125x75x6 125 6 75 14 5 8 45
UA100x75x10 100 9.5 75 17.5 5 8 45
UA100x75x8 100 7.8 75 15.8 5 8 45
UA100x75x6 100 6 75 14 5 8 45
UA75x50x8 75 7.8 50 14.8 3 7 30
UA75x50x6 75 6 50 13 3 7 30
UA75x50x5 75 4.6 50 11.6 3 7 30
UA65x50x8 65 7.8 50 13.8 3 6 30
UA65x50x6 65 6 50 12 3 6 30
UA65x50x5 65 4.6 50 10.6 3 6 30

;member,     od, id
CHS457x12.7 457 431.6
CHS457x9.5 457 438
CHS457x6.4 457 444.2
CHS406.4x12.7 406.4 381
CHS406.4x9.5 406.4 387.4
CHS406.4x6.4 406.4 393.6
CHS355.6x12.7 355.6 330.2
CHS355.6x9.5 355.6 336.6
CHS355.6x6.4 355.6 342.8
CHS323.9x12.7 323.9 298.5
CHS323.9x9.5 323.9 304.9
CHS323.9x6.4 323.9 311.1
CHS273.1x12.7 273.1 247.7
CHS273.1x9.3 273.1 254.5
CHS273.1x6.4 273.1 260.3
CHS273.1x4.8 273.1 263.5
CHS219.1x8.2 219.1 202.7
CHS219.1x6.4 219.1 206.3
CHS219.1x4.8 219.1 209.5
CHS168.3x7.1 168.3 154.1
CHS168.3x6.4 168.3 155.5
CHS168.3x4.8 168.3 158.7
CHS165.1x3.5 165.1 158.1
CHS139.7x3.5 139.7 132.7
CHS139.7x3 139.7 133.7
CHS114.3x3.6 114.3 107.1
CHS114.3x3.2 114.3 107.9
CHS101.6x3.2 101.6 95.2
CHS101.6x2.6 101.6 96.4
CHS88.9x3.2 88.9 82.5
CHS88.9x2.6 88.9 83.7
CHS76.1x3.2 76.1 69.7
CHS76.1x2.3 76.1 71.5
CHS60.3x2.9 60.3 54.5
CHS60.3x2.3 60.3 55.7
CHS48.3x2.9 48.3 42.5
CHS48.3x2.3 48.3 43.7
CHS42.4x2.6 42.4 37.2
CHS42.4x2 42.4 38.4
CHS33.7x2.6 33.7 28.5
CHS33.7x2 33.7 29.7
CHS26.9x2.3 26.9 22.3 
CHS26.9x2 26.9 22.9 
CHS21.3x3.2 21.3 14.9 
CHS21.3x2.6 21.3 16.1
CHS21.3x2.0 21.3 17.3

;member, 	 b1, t, b1, t, r1
SHS250x250x9 250 9 250 9 18
SHS250x250x6 250 6 250 6 12
SHS200x200x9 200 9 200 9 18
SHS200x200x6 200 6 200 6 12
SHS200x200x5 200 5 200 5 10
SHS150x150x9 150 9 150 9 18
SHS150x150x6 150 6 150 6 12
SHS150x150x5 150 5 150 5 10
SHS125x125x9 125 9 125 9 18
SHS125x125x6 125 6 125 6 12
SHS125x125x5 125 5 125 5 10
SHS125x125x4 125 4 125 4 8
SHS100x100x9 100 9 100 9 18
SHS100x100x6 100 6 100 6 12
SHS100x100x5 100 5 100 5 10
SHS100x100x4 100 4 100 4 8
SHS100x100x3 100 3 100 3 6
SHS100x100x2 100 2 100 2 4
SHS89x89x6 89 6 89 6 12
SHS89x89x5 89 5 89 5 10
SHS89x89x3.5 89 3.5 89 3.5 7
SHS75x75x6 75 6 75 6 12
SHS75x75x5 75 5 75 5 10
SHS75x75x4 75 4 75 4 8
SHS75x75x3.5 75 3.5 75 3.5 7
SHS75x75x3 75 3 75 3 6
SHS75x75x2.5 75 2.5 75 2.5 5
SHS75x75x2 75 2 75 2 4
SHS65x65x6 65 6 65 6 12
SHS65x65x5 65 5 65 5 10
SHS65x65x4 65 4 65 4 8
SHS65x65x3 65 3 65 3 6
SHS65x65x2.5 65 2.5 65 2.5 5
SHS65x65x2 65 2 65 2 4
SHS65x65x1.6 65 1.6 65 1.6 3.2
SHS50x50x5 50 5 50 5 10
SHS50x50x4 50 4 50 4 8
SHS50x50x3 50 3 50 3 6
SHS50x50x2.5 50 2.5 50 2.5 5
SHS50x50x2 50 2 50 2 4
SHS50x50x1.6 50 1.6 50 1.6 3.2
SHS40x40x4 40 4 40 4 8
SHS40x40x3 40 3 40 3 6
SHS40x40x2.5 40 2.5 40 2.5 5
SHS40x40x2 40 2 40 2 4
SHS40x40x1.6 40 1.6 40 1.6 3.2
SHS35x35x3 35 3 35 3 6
SHS35x35x2.5 35 2.5 35 2.5 5
SHS35x35x2 35 2 35 2 4
SHS35x35x1.6 35 1.6 35 1.6 3.2
SHS30x30x2 30 2 30 2 4
SHS30x30x1.6 30 1.6 30 1.6 3.2
SHS25x25x3 25 3 25 3 6
SHS25x25x2.5 25 2.5 25 2.5 5
SHS25x25x2 25 2 25 2 4
SHS25x25x1.6 25 1.6 25 1.6 3.2
SHS20x20x1.6 20 1.6 20 1.6 3.2
SHS15x15x1.8 15 1.8 15 1.8 3.6
SHS13x13x1.8 13 1.8 13 1.8 3.6
RHS250x150x9 250 9 150 9 18
RHS250x150x6 250 6 150 6 12
RHS250x150x5 250 5 150 5 10
RHS200x100x9 200 9 100 9 18
RHS200x100x6 200 6 100 6 12
RHS200x100x5 200 5 100 5 10
RHS200x100x4 200 4 100 4 8
RHS150x100x9 150 9 100 9 18
RHS150x100x6 150 6 100 6 12
RHS150x100x5 150 5 100 5 10
RHS150x100x4 150 4 100 4 8
RHS150x50x6 150 6 50 6 12
RHS150x50x5 150 5 50 5 10
RHS150x50x4 150 4 50 4 8
RHS150x50x3 150 3 50 3 6
RHS150x50x2.5 150 2.5 50 2.5 5
RHS150x50x2 150 2 50 2 4
RHS125x75x6 125 6 75 6 12
RHS125x75x5 125 5 75 5 10
RHS125x75x4 125 4 75 4 8
RHS125x75x3 125 3 75 3 6
RHS125x75x2.5 125 2.5 75 2.5 5
RHS125x75x2 125 2 75 2 4
RHS100x50x6 100 6 50 6 12
RHS100x50x5 100 5 50 5 10
RHS100x50x4 100 4 50 4 8
RHS100x50x3.5 100 3.5 50 3.5 7
RHS100x50x3 100 3 50 3 6
RHS100x50x2.5 100 2.5 50 2.5 5
RHS100x50x2 100 2 50 2 4
RHS100x50x1.6 100 1.6 50 1.6 3.2
RHS75x50x6 75 6 50 6 12
RHS75x50x5 75 5 50 5 10
RHS75x50x4 75 4 50 4 8
RHS75x50x3 75 3 50 3 6
RHS75x50x2.5 75 2.5 50 2.5 5
RHS75x50x2 75 2 50 2 4
RHS75x50x1.6 75 1.6 50 1.6 3.2
RHS75x25x2.5 75 2.5 25 2.5 5
RHS65x35x3 65 3 35 3 6
RHS65x35x2.5 65 2.5 35 2.5 5
RHS65x35x2 65 2 35 2 4
RHS50x25x3 50 3 25 3 6
RHS50x25x2.5 50 2.5 25 2.5 5
RHS50x25x2 50 2 25 2 4
RHS50x25x1.6 50 1.6 25 1.6 3.2
RHS50x20x3 50 3 20 3 6
RHS50x20x2.5 50 2.5 20 2.5 5
RHS50x20x2 50 2 20 2 4
RHS50x20x1.6 50 1.6 20 1.6 3.2
